%YAML:1.0
# error: 0.345865
num_cameras: 3
camera0_intr: !!opencv-matrix
   rows: 3
   cols: 3
   dt: d
   data: [ 1.3466356473250398e+03, 0., 517.8005967496309268, 0.,
       1.3454980986385194e+03, 367.7437930904130781, 0., 0., 1. ]
camera0_dist: !!opencv-matrix
   rows: 5
   cols: 1
   dt: d
   data: [ -0.2367406591546471, 0.5569160738779224,
       -4.0473336893882203e-03, -8.3693419762938064e-04,
       -1.1269458408681470 ]
camera0_ext: !!opencv-matrix
   rows: 4
   cols: 4
   dt: d
   data: [ 1., 0., 0., 0., 0., 1., 0., 0., 0., 0., 1., 0., 0., 0., 0.,
       1. ]
camera1_intr: !!opencv-matrix
   rows: 3
   cols: 3
   dt: d
   data: [ 1.3415140241748591e+03, 0., 510.8493484699537248, 0.,
       1.3409487562043066e+03, 366.7414020937450800, 0., 0., 1. ]
camera1_dist: !!opencv-matrix
   rows: 5
   cols: 1
   dt: d
   data: [ -0.2198702989157041, 0.5431969879030513,
       -3.7464652266024244e-03, -1.5121854690112841e-03,
       -1.6465914023875645 ]
camera1_ext: !!opencv-matrix
   rows: 4
   cols: 4
   dt: d
   data: [ 0.9923849040023803, 2.7815277671311600e-03,
       0.1231440839483041, -165.8956097742526481,
       -2.4667700238755635e-03, 0.9999932897777257,
       -2.7084026972980153e-03, -0.2796608564771159, -0.1231507911214361,
       2.3840098158565866e-03, 0.9923851062684094, 10.2152350222218189,
       0., 0., 0., 1. ]
camera2_intr: !!opencv-matrix
   rows: 3
   cols: 3
   dt: d
   data: [ 1.3404843237733553e+03, 0., 518.6949287886646971, 0.,
       1.3388610279631635e+03, 385.2281299857619956, 0., 0., 1. ]
camera2_dist: !!opencv-matrix
   rows: 5
   cols: 1
   dt: d
   data: [ -0.2298270181394160, 0.4336027385901021,
       -3.1998368727164531e-03, -1.3839310715534029e-03,
       -0.3686998348944287 ]
camera2_ext: !!opencv-matrix
   rows: 4
   cols: 4
   dt: d
   data: [ 0.9975655729292757, 4.9249165034576841e-03,
       0.0695605700359055, -81.7323496006921886, 2.4628524423663252e-03,
       0.9943925615334916, -0.1057230718656451, 69.8951553689980045,
       -0.0696911907211613, 0.1056370141773006, 0.9919596560201285,
       0.5150929244662249, 0., 0., 0., 1. ]
