%YAML:1.0
# error: 0.133635
num_cameras: 3
camera0_intr: !!opencv-matrix
   rows: 3
   cols: 3
   dt: d
   data: [ 1.3279947478306090e+03, 0., 529.7846231371489694, 0.,
       1.3290005949911374e+03, 382.9029415215334780, 0., 0., 1. ]
camera0_dist: !!opencv-matrix
   rows: 5
   cols: 1
   dt: d
   data: [ -0.2059953120733462, 0.0704533770151615,
       -3.1308463220375732e-04, 3.5285469708606226e-04,
       0.4654872771141651 ]
camera0_ext: !!opencv-matrix
   rows: 4
   cols: 4
   dt: d
   data: [ 1., 0., 0., 0., 0., 1., 0., 0., 0., 0., 1., 0., 0., 0., 0.,
       1. ]
camera1_intr: !!opencv-matrix
   rows: 3
   cols: 3
   dt: d
   data: [ 1.3217871698163688e+03, 0., 532.8870946305324878, 0.,
       1.3229744911239213e+03, 383.6679414468018763, 0., 0., 1. ]
camera1_dist: !!opencv-matrix
   rows: 5
   cols: 1
   dt: d
   data: [ -0.2011665171387468, 0.0994925334683576,
       1.0284109004047535e-04, 1.6775763167346618e-04,
       0.2982455823757282 ]
camera1_ext: !!opencv-matrix
   rows: 4
   cols: 4
   dt: d
   data: [ 0.9820161984044056, 3.0479479858861614e-03,
       0.1887720744295468, -159.4363009759352963,
       -2.5184354667953522e-03, 0.9999921932016624,
       -3.0448347292820260e-03, 0.1598922671279067, -0.1887798812219104,
       2.5146667382353405e-03, 0.9820162080622891, 13.2952744025931686,
       0., 0., 0., 1. ]
camera2_intr: !!opencv-matrix
   rows: 3
   cols: 3
   dt: d
   data: [ 1.3237416856007803e+03, 0., 535.1748698873180956, 0.,
       1.3247236699270118e+03, 394.9776240357722941, 0., 0., 1. ]
camera2_dist: !!opencv-matrix
   rows: 5
   cols: 1
   dt: d
   data: [ -0.2061357466823599, 0.0865450153638165,
       1.0334802861848729e-04, 3.4153871474756762e-05,
       0.3550198524749463 ]
camera2_ext: !!opencv-matrix
   rows: 4
   cols: 4
   dt: d
   data: [ 0.9953732517010017, 0.0130398122868516, 0.0951948165274682,
       -79.5241139661956424, -4.5747561705490577e-03, 0.9960562802225307,
       -0.0886056332026119, 71.0291520197880004, -0.0959747956713359,
       0.0877601841655967, 0.9915074324840264, 0.9244264113719673, 0.,
       0., 0., 1. ]
